a=-0.0283941
b=1.60358
c=-10.4371
d=260.154
