a=0.00058368
b=0.579037
c=-17.1014
d=546.854
